000000001111000001100000001000
000000001100100101110001100000
000000001001111011001110000000
000000001001111111001100001000
000000011110001100101100010000
000000011110010000101100000001
000000011111010101000010000000
000000011111110001111101101100
000000011111101110000000010000
000000011111110010000000000001
000000011100010010001000100000
000000011100010110001000000010
000000011111011010011001100100
000000011101000111001100010000
000000011111101011010010000000
000000011111101011010100010001
000000011101111111011100100000
000000011110000011011100000011
000000011001010111100001000000
000000011100110011111000100010
000000010010110101111100100000
000000010101110110110001000000
000000010011101111011010001000
000000010101101011011111000000
000000110010000100100100010000
000000110010110100110100010000
000000110001100110000101000000
000000110111010110001000000001
000000110000100010001100000100
000000110100101010110100100010
000000110011100111111110000000
000000110101011111111100010000
000000110101100011111100000001
000000110101110011111101000000
000000110111100111111111000000
000000110111101011111100001000
000000111010010000001011100000
000000111001000000100101000000
000000111110010100110000100000
000000111110011000110000000010
000000111001001000110100000011
000000111001111100110101000000
000000111010000000110100001100
000000111010100001000100100000
000000111010100101000100000010
000000111110010101001100000011
000000111100100001010010001000
000000111100111101010001100000
000000111101000001010000000010
000000111110010001010000010000
000000111110111001010000001100
000000111100100001010100000001
000000111001011001110100001100
000000111011110110000101000000
000000111011111010000100000100
000000111111101110000100100000
000000111111110010000100000011
000000111101101010010110000000
000000111101101110010100001000
000000111101001110011100000100
000000111010010010100001100000
000000111000110010101000001000
000000111010011110110100000001
000000111110001010111000000001
000000111010100111000010000000
000000111111101011000000000110
000000111010100111000100010000
000000111010011111010100010000
000000111011100011011100000001
000000111100110011100101000100
000000111111100111100100000100
000000111110000011101100001000
000000111110000011110000000001
000000111011001111110100001000
000000111101111111110100001000
000000111011001111111000000001
000000111101111111111000000001
000000111011001011111100000100
000000101010100101100000000100
000000101000111101100111000000
000000101001000001100100001000
000000101100111110001000010001
000000101010000111000100000001
000000101100000111100100100000
000000101001110111101001000000
000000101001111011101000001100
000000101001111011101100000001
000000100001000100101000100000
000000100011100100110100000001
000000100111010010000000000010
000001100011010100000000001000
000001100011010100000100000001
000001100100010000011101110000
000001100101011000100000001000
000001100111111100100100110000
000001100110100000111010000000
000001100110100100111000001110
000001100111010000111100001100
000001100011010101000111110000
000001100011010101010100010000